-2.701412163265624500e+01
-2.750582738604040856e+01
-2.750728579103735427e+01
-2.750863080312036502e+01
-2.751044760657529409e+01
-2.751318303568078960e+01
-2.751768870984127702e+01
-2.752613683960827373e+01
-2.754634720120017732e+01
-2.763363654088403365e+01
-2.820482725861877427e+01
-2.973146282881963387e+01
-3.199744265040030911e+01
-3.468311832230500613e+01
-3.738851118140213714e+01
-3.967259189201006819e+01
-4.145861125546577597e+01
-4.269040422010775870e+01
-4.339720334830621340e+01
-4.372593928023425036e+01
-4.386029113596282514e+01
-4.391661109477193747e+01
-4.394507172082430912e+01
-4.396357425074528180e+01
-4.397827624971893812e+01
-4.399149088547932251e+01
-4.400424141082645946e+01
-4.401706612431347310e+01
-4.403029157076683475e+01
-4.404414095918357219e+01
-4.405879032698886988e+01
-4.407441008879683864e+01
-4.409120330698138446e+01
-4.410944003083037046e+01
-4.412948314115461557e+01
-4.415180489358044724e+01
-4.417700523090813647e+01
-4.420585909992338713e+01
-4.423942050539315574e+01
-4.427920055551402356e+01
-4.432760387346141329e+01
-4.438948595482168002e+01
-4.447714161674139177e+01
-4.463378273889175318e+01
-4.503741737571282044e+01
-4.527516155150347998e+01
-4.536591410209302211e+01
-4.540457455158388456e+01
-4.542297332272638499e+01
-4.543329491457487990e+01
-4.544027956376955046e+01
-4.544581824782439838e+01
-4.545070508831808098e+01
-4.545530290847467825e+01
-4.545979687467590935e+01
-4.546429346308370611e+01
-4.546886104707524368e+01
-4.547354779405749525e+01
-4.547839019733886801e+01
-4.548341737238128246e+01
-4.548865321784003868e+01
-4.549411740517680869e+01
-4.549982573359746851e+01
-4.550579023013117563e+01
-4.551201930656015548e+01
-4.551851821846581458e+01
-4.552528996881364520e+01
-4.553233666225075638e+01
-4.553966118062698598e+01
-4.554726895755662497e+01
-4.555516960826520290e+01
-4.556337822706043283e+01
-4.557191628975888165e+01
-4.558081227469587304e+01
-4.559010231557078185e+01
-4.559983137629114935e+01
-4.561005551956937865e+01
-4.562084572425948181e+01
-4.563229326738296976e+01
-4.564451582548959152e+01
-4.565766222089148840e+01
-4.567191262938289498e+01
-4.568747132513482967e+01
-4.570455239644359580e+01
-4.572336570793431321e+01
-4.574411733135742253e+01
-4.576703921745680503e+01
-4.579245219063031413e+01
-4.582084789396611058e+01
-4.585296340714528185e+01
-4.588982727277221585e+01
-4.593276940676333453e+01
-4.598341095257295308e+01
-4.604376390126645191e+01
-4.611697398557236482e+01
-4.621022136852538154e+01
-4.634348025828549567e+01
-4.660025787767838779e+01
-4.707664610893150581e+01
-4.727395121512385856e+01
-4.735021167667981956e+01
-4.738546503822820455e+01
-4.740566600968369926e+01
-4.741978002043506280e+01
-4.743119738119612805e+01
-4.744134305149908215e+01
-4.745088587318787887e+01
-4.746017521084120006e+01
-4.746941166858058381e+01
-4.747871959805223696e+01
-4.748818069414109289e+01
-4.749785105075258684e+01
-4.750777069607308789e+01
-4.751796949556520389e+01
-4.752847118715926911e+01
-4.753929633727663884e+01
-4.755046450997599550e+01
-4.756199570408813315e+01
-4.757391106535128955e+01
-4.758623296680829640e+01
-4.759898468359438084e+01
-4.761218997111797790e+01
-4.762587283827097195e+01
-4.764005772168148667e+01
-4.765477019731515185e+01
-4.767003835196778283e+01
-4.768589488910894403e+01
-4.770237977725465583e+01
-4.771954267780989767e+01
-4.773744374540274293e+01
-4.775615129704817008e+01
-4.777573609133802535e+01
-4.779626482508033547e+01
-4.781779846322553595e+01
-4.784040061678096833e+01
-4.786415521287131725e+01
-4.788918518030749993e+01
-4.791566222090668958e+01
-4.794380427195567052e+01
-4.797386784353082589e+01
-4.800614989005543265e+01
-4.804100923171933601e+01
-4.807889872120804853e+01
-4.812038896466982152e+01
-4.816621758211408633e+01
-4.821751175613440665e+01
-4.827628428921174475e+01
-4.834609737913490335e+01
-4.843323041910748827e+01
-4.855185142341036908e+01
-4.876735215650306543e+01
-4.920925514719052529e+01
-4.941526793544316831e+01
-4.951183641273731695e+01
-4.956576529814365983e+01
-4.960026728310690203e+01
-4.962548316310365948e+01
-4.964630944304971649e+01
-4.966528698572746947e+01
-4.968380631424365390e+01
-4.970266603650998860e+01
-4.972235994155747107e+01
-4.974323996589996710e+01
-4.976561262644334960e+01
-4.978978773174589634e+01
-4.981608672273939931e+01
-4.984482568488221688e+01
-4.987630275156709558e+01
-4.991081891877534105e+01
-4.994872923279638144e+01
-4.999047669567172392e+01
-5.003654703413316440e+01
-5.008732706874088336e+01
-5.014293710638381185e+01
-5.020322286671896705e+01
-5.026846354598389155e+01
-5.034204081696841371e+01
-5.043778500564026501e+01
-5.062168018456058149e+01
-5.105293831969430585e+01
-5.126322614789845744e+01
-5.136120480068279193e+01
-5.141369665606777772e+01
-5.144238100037343031e+01
-5.145809025155671179e+01
-5.146671052791326417e+01
-5.147146420239002396e+01
-5.147411154373110520e+01
-5.147561389148804523e+01
-5.147649764694251928e+01
-5.147705224960559178e+01
-5.147743746736694703e+01
-5.147774165505247623e+01
-5.147801357144380319e+01
-5.147827988891009454e+01
-5.147855490720921523e+01
-5.147884598283609847e+01
-5.147915658285737805e+01
-5.147948801079148495e+01
-5.147984038480368696e+01
