2.985319528875685427e-02
-2.915246009980685837e+00
-1.268327794682926069e+01
-1.732697883568875952e+01
-2.031091311415744016e+01
-2.264227838802323234e+01
-2.437041553643722125e+01
-2.576543369499252378e+01
-2.709385100083218134e+01
-2.838328701680956812e+01
-2.953448567778597678e+01
-3.052487054743654582e+01
-3.137533486066816835e+01
-3.211022418709423931e+01
-3.275137110503362692e+01
-3.331457361976671905e+01
-3.379879756584996642e+01
-3.422630573144819266e+01
-3.460194601846141893e+01
-3.493845959286483094e+01
-3.524623869212936000e+01
-3.553585995785540064e+01
-3.581182696233105389e+01
-3.609333766099546636e+01
-3.638341998163432578e+01
-3.665820060378787559e+01
-3.688712679795163041e+01
-3.707760159831580182e+01
-3.726548442502144098e+01
-3.747078646826684434e+01
-3.768694174614013548e+01
-3.789850891441361114e+01
-3.809676710166669977e+01
-3.828703953037320673e+01
-3.847266486012100017e+01
-3.864933162265716504e+01
-3.881685711411707018e+01
-3.897999203235416843e+01
-3.914101744977497788e+01
-3.929930290032048390e+01
-3.945558215431996274e+01
-3.961171811386059716e+01
-3.976686763290003057e+01
-3.991780654284410446e+01
-4.006491900042389176e+01
-4.021165475389569366e+01
-4.035866540317557138e+01
-4.050309272933734661e+01
-4.064409652502924786e+01
-4.078368458720636625e+01
-4.092388628040639276e+01
-4.106336181760504900e+01
-4.119863057971858211e+01
-4.132936944688383107e+01
-4.145853188733114791e+01
-4.158706155272178506e+01
-4.171402350267161552e+01
-4.184144415512926685e+01
-4.197010365912927909e+01
-4.209693538944346614e+01
-4.222232757769364042e+01
-4.234793423984220340e+01
-4.247160803794647421e+01
-4.259335525144313550e+01
-4.271522354954735334e+01
-4.283535484033659202e+01
-4.295136511277468117e+01
-4.306414324109857716e+01
-4.317393654233219280e+01
-4.327876552016137879e+01
-4.337864637131986001e+01
-4.347593091534691467e+01
-4.357210857155597239e+01
-4.366647311797166964e+01
-4.375855227691153715e+01
-4.384928860397651817e+01
-4.394005447866653213e+01
-4.403150902543509915e+01
-4.412347504604407789e+01
-4.421617350373610122e+01
-4.431053623427570187e+01
-4.440740560134673842e+01
-4.450679257848008064e+01
-4.460768055372025032e+01
-4.470850270857737030e+01
-4.480808466310266169e+01
-4.490622863525222641e+01
-4.500346131973592634e+01
-4.510026056384177906e+01
-4.519674819203235216e+01
-4.529304512898051627e+01
-4.538924187458733428e+01
-4.548510649077411472e+01
-4.557993397874307817e+01
-4.567256755929808776e+01
-4.576220358649521813e+01
-4.584949516040030915e+01
-4.593635701124589588e+01
-4.602462227996861799e+01
-4.611427162437073690e+01
-4.620336121974644072e+01
-4.629065305391043239e+01
-4.637689122589663526e+01
-4.646354799956466763e+01
-4.655059233687177311e+01
-4.663621954348303689e+01
-4.671931247897382633e+01
-4.680057593970085605e+01
-4.688105506864611982e+01
-4.696035276420315085e+01
-4.703802442198401224e+01
-4.711449186243233811e+01
-4.719000347238061721e+01
-4.726370960269441213e+01
-4.733470486876077388e+01
-4.740408913427064164e+01
-4.747346477372886397e+01
-4.754219239283482068e+01
-4.760787073316109996e+01
-4.767002163484534094e+01
-4.773053922188855580e+01
-4.779118494338847967e+01
-4.785115648999075688e+01
-4.790811231328840591e+01
-4.796146414511950695e+01
-4.801254753919386786e+01
-4.806285738770093729e+01
-4.811251049086534692e+01
-4.816040948072200933e+01
-4.820566173317784830e+01
-4.824824893626112043e+01
-4.828889396028757375e+01
-4.832833539273264023e+01
-4.836665139072888309e+01
-4.840348866968397346e+01
-4.843866764245112932e+01
-4.847216177208763810e+01
-4.850396167069273901e+01
-4.853421399454324359e+01
-4.856320985610415164e+01
-4.859114422478714346e+01
-4.861798615522992861e+01
-4.864362154972094743e+01
-4.866804957903757867e+01
-4.869139697117395826e+01
-4.871380472899205927e+01
-4.873534235835609252e+01
-4.875601091213833627e+01
-4.877579990423893719e+01
-4.879473153174732403e+01
-4.881286255398011065e+01
-4.883026140123518388e+01
-4.884698707756848535e+01
-4.886308101414667959e+01
-4.887856978049198631e+01
-4.889347221341326133e+01
-4.890780571859062320e+01
-4.892158955729325243e+01
-4.893484543990715707e+01
-4.894759672026953012e+01
-4.895986727882917222e+01
-4.897168063216845013e+01
-4.898305940833802197e+01
-4.899402514348190607e+01
-4.900459828947104057e+01
-4.901479830907330637e+01
-4.902464375660532170e+01
-4.903415228912783164e+01
-4.904334060739420664e+01
-4.905222436478107539e+01
-4.906081809356702905e+01
-4.906913518386778605e+01
-4.907718792521823303e+01
-4.908498759942881406e+01
-4.909254460408779863e+01
-4.909986858802540866e+01
-4.910696858702696233e+01
-4.911385315400232798e+01
-4.912053047996751332e+01
-4.912700850127357910e+01
-4.913329498690285391e+01
-4.913939759946652686e+01
-4.914532392562772856e+01
-4.915108147554367690e+01
-4.915667765529779132e+01
-4.916211971984596829e+01
-4.916741471586765044e+01
-4.917256942388628005e+01
-4.917759030745807536e+01
-4.918248347477241822e+01
-4.918725465533697871e+01
-4.919190919206292278e+01
-4.919645204731082799e+01
-4.920088782038838104e+01
-4.920522077353141555e+01
-4.920945486340196595e+01
-4.921359377543129199e+01
-4.921764095878046419e+01
-4.922159966017758137e+01
-4.922547295535589029e+01
